862 1116611

111 611661161 16 166111616616,666 6661666666 eno Quomodo meroes 6661166. 666.

6616 666. 15161 666. Quomodo meroes, 66616666 666116 616. 662.
116 666666 661116666616116616 151. 116. 1161 6616 6661, 61 66661611166666111 611.
111166 6161161 666616 6616166 26. 1166666666 6661616666. 621.

Nomen 111166 61 61666661 et 1166116111 616616661 16 visione 661 constuitite.

52. 16. Quibus rebesussimiteter 629.

1161 6616116661 66166661,6616 6161616661666 661661· 116661661166 personae deheter jure 6666116616 61·

161191. 219. 681. 66 66616631.

111161161 16166 616661166 611166, 61 616616 opponi· 6161611661 debetur 66661666 61 61616 ibid.

161 211. 666116 616 6661161616.

Virtutem 1661611661 661166116 661 6666666116 66 66· 1166166166116616661111616111 1161 1616.

16166 felicitatem 268. 266. Redditur meritis 61161616 661, turn quood primum
161111111661666616111666 661 16616 6161661166 266. predum, tem 66616 66616166 666. 661.
111161166661 student 1616. 266. 261. Vitium 666116 66161661 61. 161. 219.226.219.681.
111166 6616666 66611166 661611 216. 111166166661666611161166661616626668216211.
1111661166 perferte oon potest 6666 6166 61161666 Est 66111166 666661166 111166 62. 56. 211.

61116 383. “ Vitium unde 6661611 1161116666 6616166 161. 162.
111166 666 imperfecte potest 66666166 6111616111. Signitieet quemeumque 6666661166661,161 tanguo-
11116166 6116666 6661 netereies 392. 691. rem 6616166 216. 211.

11116166 antiquorem Romanorum 6666 1661666- 66661666 6161161 pernotum 116. 212.

66166691. 1111661 nominis, 6111616 661 6666116 221.

11116166 611661 1666611616 66616666 661166161. 161661611661 661666666611616 66 6666616111 51. 65.
11616166166611666616 162. 161661611616 6666 66 661616 6666611 66 od 11.
16161616 6661166 6661661 666 nossent 1616. Quomodo 66116 peceato, quomodo eon 166.
Virtutem semine 166161616116111 6666166661616. 1616616111 661661 66116 6666116 originis 16111.
111166 66161 1616111616, 1166 ex neeessitote 161 61 161661611661 6661166166611 6661611 66 6666616111
111131666111116 666116 nostro 116616 616111161616. suffiunt-tun potest 666161616 spontaneum 116616,
111166 661 1616116116 66161616 66166111666 126. 6 6616 6661111666 166168. 169.

Virtus et uetes 11116116 6161166666166629. 1616 1616616116111 est in pecoribus, 61 6611 pugnat
111166 66166166661166 6611661616 66116611666111566. 6616 6666661616166.116.116.119.126.
11116166 661666 661 66161616 6661 6666166666, 61 61661161661611616161166666 necessitate 166.

1666 1611666161616. 621. voluntarium spontaneum 661 geues 66 liberem et
11116166 16616166 666 6616166166 61 661616 666 16 66611661661 166. ·

66661, 6161 61 16 66661 6616161661 628. 16166116161611661661 ost proprium 1611666116 161
1666166666 1666161661 6616661 666111, 61 finem 66· intelligentis 6616166 115. 116.

6616616111661, 666 666 616 16 eum retenentur, 1616616116 661666 161 6611611 milites, 161 66111 616·

6161666666111616611616. 6611119126.

11116166 monotes sine 6116111616 66611616611616166, 161661661661 61666661166 666616, 666 6616611 66

666 imperfectae 111. 116 et 1166. 6666166616 1616.
1111661666661616161666161166, 616616666611- 1666611ῧὸ166166611666166166666161, 161 peuti-

tt . . ¹ itio . 1. . .

1116 6616166 stipendium meriti te. 51. 58. 1616616166 611116 666 66616666, 6616 66611666·
Sitne 6616 66161616 1161616116, 66 supernaturalis 59. 161661 666196. 111.

etseq. . 16166166 11116661 6611661661,11661 desii 66166166 99.
661661611116666116166616 66666 appetitum, 11611 166. ·

66666 666666661166661 66. 1616616666166111666161611616166669661 61 666.
Vite 66111166 6616666 glorie 156. 16616 16166116 66611616 661 66, 6666 1611 16, 6666
1111 6616166 gretie 266. 6666161166111 reite 61.

1116 6616666666116 661 216. 626. 621., Iejesto 661 666666161116, 6666 6666 666 1611

Sote 6166661 661 1116 366. 666. eum reite 1616.

,16316361 6166116 661166666666661666661661621. 1666636466 66166166661666161161686. 66. 111.

6616161666166161661166 61 666. 1616666661 neme petest resistere 95. 161. 116.

66363666 661666 miserirordiae, quemodojnstttiee 161661116666616161. quomodo 6666 66611, tinent, in·
1. 611661 .1 .

661666 nominibus 1666161116. 16166116 metu. 66616666 1661166166 6 666 661166 66

1661 66611166 6166666 1166166616 116116. 26. 6116. 66616 16616616661666 61166 166. 111. et 666.

661616. 661. . 16166166661,66ο16666 66 66666166 666661616161.

61ἓὲ6) 161316ηὲ61466 mercedis 61 haereditetis 666. 1166661161 6666 66116, 661 16116, 66666616 661616
e e e fle 6 i i e ”

6666161 justis 6661116ῗ6116666111616 666636661. Habet non 16116 16666616 6661161616.

661616666666111 proportionem operum 666. 6666 666161166666161616.

11611161166661666 1661161116166161666161616. 1611 666 1111666116 1616. -

 

